  500.0 ,   500.0 ,   500.0 ,   500.0 ,   500.0 ,   500.0 ,   500.0 ,   500.0 ,   500.0 ,   500.0 ,   500.0 ,   500.0 ,   500.0 ,   500.0 ,   500.0 ,   500.0 ,   500.0 ,   500.0 ,   500.0 ,   500.0 ,   500.0 ,   500.0 ,   500.0 ,   500.0 ,   500.0 ,   500.0 ,   500.0 ,   500.0 ,   500.0 ,   500.0 ,   500.0 ,   500.0 ,   500.0 ,   500.0 ,   500.0 ,   500.0 ,   500.0 ,   500.0 ,   500.0 ,   500.0 ,   500.0 , 
  500.0 ,   497.4531806541635 ,   494.92799611569603 ,   492.44553093615934 ,   490.02579243438447 ,   487.6872289012955 ,   485.44631224165744 ,   483.317200587676 ,   481.31149190209464 ,   479.4380746012198 ,   477.7030761209836 ,   476.1099054643952 ,   474.65938141424044 ,   473.34993452029767 ,   472.17786835054403 ,   471.1376639225308 ,   470.22231071200986 ,   469.42364810175513 ,   468.732702451152 ,   468.14000695673553 ,   467.63589392863526 ,   467.2107518136065 ,   466.8552420482091 ,   466.5604734469912 ,   466.31813417698766 ,   466.12058333951313 ,   465.9609057140286 ,   465.8329342980544 ,   465.73124591797136 ,   465.651135431943 ,   465.5885739611065 ,   465.5401562424348 ,   465.5030416730682 ,   465.4748929849346 ,   465.45381581527135 ,   465.4383017768988 ,   465.42717702217874 ,   465.4195577633609 ,   465.41481377333855 ,   465.4125405470089 ,   465.4125405470089 , 
  500.0 ,   494.92799611569603 ,   489.8990784258531 ,   484.9552372691787 ,   480.1363176340626 ,   475.4790596459404 ,   471.0162673842767 ,   466.77613696771357 ,   462.7817658494554 ,   459.0508553325957 ,   455.5956081435337 ,   452.4228131733373 ,   449.53410082472476 ,   446.9263452833468 ,   444.5921848146794 ,   442.52062805459605 ,   440.69771322798545 ,   439.1071881576761 ,   437.7311815501598 ,   436.5508400071076 ,   435.54691010056877 ,   434.70025023837866 ,   433.9922625288334 ,   433.40524007413865 ,   432.92262979518364 ,   432.52921481285534 ,   432.2112234656688 ,   431.9563741926926 ,   431.753866786995 ,   431.59433101544744 ,   431.46974343122463 ,   431.37332252266276 ,   431.2994112993291 ,   431.24335515948565 ,   431.2013815423975 ,   431.1704865509878 ,   431.14833251567745 ,   431.13315941228416 ,   431.12371217322027 ,   431.119185246514 ,   431.119185246514 , 
  500.0 ,   492.44553093615934 ,   484.9552372691787 ,   477.5916621339925 ,   470.41415319698797 ,   463.47743347801327 ,   456.83036331999654 ,   450.51493958905996 ,   444.56556478753964 ,   439.00860396787425 ,   433.8622321846217 ,   429.136560731454 ,   424.83401749273423 ,   420.9499461355707 ,   417.47338109709995 ,   414.38795065496765 ,   411.6728588295132 ,   409.3038982485324 ,   407.2544500145457 ,   405.49643251689395 ,   404.0011684131962 ,   402.74014703121566 ,   401.68566760849683 ,   400.81135656299 ,   400.09255894833325 ,   399.50661009014243 ,   399.0329979492867 ,   398.6534299591726 ,   398.3518199848429 ,   398.1142117822801 ,   397.9286550836571 ,   397.7850494172974 ,   397.67496921773045 ,   397.5914819093359 ,   397.5289686500139 ,   397.48295545821657 ,   397.4499606374533 ,   397.4273628365762 ,   397.4132927829287 ,   397.4065507056197 ,   397.4065507056197 , 
  500.0 ,   490.02579243438447 ,   480.1363176340626 ,   470.41415319698797 ,   460.9376575657857 ,   451.7790830085837 ,   443.0029409872337 ,   434.66468075935654 ,   426.80972436666696 ,   419.4728816274579 ,   412.6781487462338 ,   406.4388750205386 ,   400.7582650693529 ,   395.63017000666673 ,   391.0401107232317 ,   386.9664702779504 ,   383.38179036812244 ,   380.2541086734914 ,   377.54827903093553 ,   375.22722419044896 ,   373.2530805186735 ,   371.5882046144907 ,   370.19602258390614 ,   369.0417129885086 ,   368.0927236720638 ,   367.31913038412824 ,   366.6938511264825 ,   366.192734374432 ,   365.7945418344184 ,   365.48084736368435 ,   365.2358733438464 ,   365.0462844571672 ,   364.90095676308385 ,   364.79073750081363 ,   364.70820840691897 ,   364.64746274466756 ,   364.60390385319033 ,   364.5740709438685 ,   364.55549615336054 ,   364.54659551625787 ,   364.54659551625787 , 
  500.0 ,   487.6872289012955 ,   475.4790596459404 ,   463.47743347801327 ,   451.7790830085837 ,   440.47320265880694 ,   429.63943068743424 ,   419.34621791992083 ,   409.64963645176056 ,   400.5926574818802 ,   392.2049027345913 ,   384.5028503078729 ,   377.49045472971875 ,   371.16012371988734 ,   365.49398148758223 ,   360.46534078945365 ,   356.04030346409513 ,   352.17941141390065 ,   348.83927637846887 ,   345.9741264662233 ,   343.53721928233756 ,   341.4820845754582 ,   339.76357263762736 ,   338.3386973669358 ,   337.16727424803355 ,   336.21236302896386 ,   335.4405322881173 ,   334.821968302075 ,   334.3304537225108 ,   333.94324276026543 ,   333.6408591620235 ,   333.4068416065578 ,   333.2274586148475 ,   333.0914120167107 ,   332.9895447610569 ,   332.91456565683745 ,   332.86080068271417 ,   332.82397793499865 ,   332.801051162616 ,   332.790065175795 ,   332.790065175795 , 
  500.0 ,   485.44631224165744 ,   471.0162673842767 ,   456.83036331999654 ,   443.0029409872337 ,   429.63943068743424 ,   416.83396672547576 ,   404.6674591686972 ,   393.2061856964506 ,   382.5009380030316 ,   372.5867280216645 ,   363.4830313149424 ,   355.1945200868139 ,   347.71221783963585 ,   341.0149927269897 ,   335.0712976625473 ,   329.8410622812969 ,   325.2776445157401 ,   321.3297570845916 ,   317.943295567134 ,   315.0630087702905 ,   312.633967563002 ,   310.60280408868744 ,   308.9187082497417 ,   307.5341817693168 ,   306.4055613926297 ,   305.4933315550069 ,   304.7622530100871 ,   304.1813375722455 ,   303.7237005331815 ,   303.3663218240955 ,   303.08974503386264 ,   302.87774039932845 ,   302.7169542762008 ,   302.5965637505001 ,   302.5079512677646 ,   302.44441067120624 ,   302.40089300399484 ,   302.37379792408217 ,   302.36081461553147 ,   302.36081461553147 , 
  500.0 ,   483.317200587676 ,   466.77613696771357 ,   450.51493958905996 ,   434.66468075935654 ,   419.34621791992083 ,   404.6674591686972 ,   390.72115282486016 ,   377.583273224212 ,   365.31204225079966 ,   353.94759264009576 ,   343.51224707850326 ,   334.01135858961334 ,   325.43463427520123 ,   317.75784731479564 ,   310.9448318220823 ,   304.94965175976654 ,   299.71883817255355 ,   295.1935976373046 ,   291.3119078716843 ,   288.0104325320897 ,   285.22620496430307 ,   282.89804871061256 ,   280.96771975382273 ,   279.380770852914 ,   278.08715122947035 ,   277.0415649113071 ,   276.203618107676 ,   275.5377901859713 ,   275.0132644305563 ,   274.6036542034218 ,   274.2866578775147 ,   274.04367248037113 ,   273.85939184948245 ,   273.72141068868416 ,   273.6198515782485 ,   273.54702799509926 ,   273.497152919286 ,   273.4660997293737 ,   273.4512198377147 ,   273.4512198377147 , 
  500.0 ,   481.31149190209464 ,   462.7817658494554 ,   444.56556478753964 ,   426.80972436666696 ,   409.64963645176056 ,   393.2061856964506 ,   377.583273224212 ,   362.8660082907552 ,   349.11961218379736 ,   336.3890411174376 ,   324.69929901498676 ,   314.0563791057674 ,   304.44874702063635 ,   295.8492588421351 ,   288.21739602069215 ,   281.5016952644918 ,   275.64225493839456 ,   270.5732091880998 ,   266.2250756190788 ,   262.5269003867721 ,   259.4081444220459 ,   256.80027472761753 ,   254.63804392487657 ,   252.86045845458216 ,   251.41145029140182 ,   250.24027828760188 ,   249.30169317849948 ,   248.5559049814343 ,   247.9683933233266 ,   247.50960060235457 ,   247.1545453688518 ,   246.88238946344643 ,   246.67598781601612 ,   246.52144486566385 ,   246.4076967033808 ,   246.32613356199374 ,   246.27027337914376 ,   246.23549394011525 ,   246.21882858510628 ,   246.21882858510628 , 
  500.0 ,   479.4380746012198 ,   459.0508553325957 ,   439.00860396787425 ,   419.4728816274579 ,   400.5926574818802 ,   382.5009380030316 ,   365.31204225079966 ,   349.11961218379736 ,   333.99540668806344 ,   319.9888867538666 ,   307.1275597671256 ,   295.41801570487246 ,   284.8475591501291 ,   275.38631988380735 ,   266.9897121095987 ,   259.60110818413125 ,   253.1545964985521 ,   247.577703812217 ,   242.79397842107528 ,   238.72535038115404 ,   235.2942068701393 ,   232.42514301088733 ,   230.0463696558238 ,   228.09077858343983 ,   226.49668146457827 ,   225.20825133994077 ,   224.1757040607115 ,   223.35526231345864 ,   222.70894683328345 ,   222.20423871514197 ,   221.81365395873752 ,   221.51426714832132 ,   221.28721606856294 ,   221.11721361780445 ,   220.99208803376752 ,   220.90236752049242 ,   220.84092107541824 ,   220.80266377393866 ,   220.78433199389667 ,   220.78433199389667 , 
  500.0 ,   477.7030761209836 ,   455.5956081435337 ,   433.8622321846217 ,   412.6781487462338 ,   392.2049027345913 ,   372.5867280216645 ,   353.94759264009576 ,   336.3890411174376 ,   319.9888867538666 ,   304.8007618952829 ,   290.85449145420273 ,   278.1572167807817 ,   266.6951656726475 ,   256.43594136762886 ,   247.3311895902043 ,   239.319498187436 ,   232.3293879853876 ,   226.28226505433787 ,   221.09522201425625 ,   216.6835975280548 ,   212.96322684152636 ,   209.8523403498594 ,   207.27309013519573 ,   205.15270497295847 ,   203.42429155428442 ,   202.0273131006868 ,   200.90778599194613 ,   200.01824063256402 ,   199.31749493076956 ,   198.77028800981947 ,   198.34681876103735 ,   198.0222292551628 ,   197.77606749671673 ,   197.59175810615847 ,   197.45610371647393 ,   197.35883452838493 ,   197.29221881631577 ,   197.2507433368753 ,   197.23086958283324 ,   197.23086958283324 , 
  500.0 ,   476.1099054643952 ,   452.4228131733373 ,   429.136560731454 ,   406.4388750205386 ,   384.5028503078729 ,   363.4830313149424 ,   343.51224707850326 ,   324.69929901498676 ,   307.1275597671256 ,   290.85449145420273 ,   275.9120460829729 ,   262.3078699949456 ,   250.02720067097596 ,   239.03531962832085 ,   229.28041038806236 ,   220.69666563357902 ,   213.20749207185082 ,   206.72867389676912 ,   201.1713744479273 ,   196.44487871668008 ,   192.45900476145732 ,   189.12613794272812 ,   186.3628664965106 ,   184.09121898923752 ,   182.23952267998106 ,   180.74291620449713 ,   179.54356011462977 ,   178.590594810149 ,   177.83989770063147 ,   177.25369062500306 ,   176.80004532910732 ,   176.45232987887385 ,   176.1886329580206 ,   175.9911966765219 ,   175.8458823027674 ,   175.74168760761398 ,   175.67032952384108 ,   175.62590170977677 ,   175.60461338236007 ,   175.60461338236007 , 
  500.0 ,   474.65938141424044 ,   449.53410082472476 ,   424.83401749273423 ,   400.7582650693529 ,   377.49045472971875 ,   355.1945200868139 ,   334.01135858961334 ,   314.0563791057674 ,   295.41801570487246 ,   278.1572167807817 ,   262.3078699949456 ,   247.87808015333474 ,   234.85218153342765 ,   223.1933400972609 ,   212.84658537344995 ,   203.7421066409981 ,   195.79865270902502 ,   188.92688773073206 ,   183.03257532455802 ,   178.0194877391731 ,   173.79196375699843 ,   170.25706645307764 ,   167.32631803212308 ,   164.9170123299619 ,   162.95312517220054 ,   161.3658580451555 ,   160.09386126685968 ,   159.0831892126298 ,   158.28704258808523 ,   157.6653518813108 ,   157.18425270059953 ,   156.81549848061644 ,   156.5358497495555 ,   156.3264724419443 ,   156.17237115022778 ,   156.0618771353561 ,   155.9862056290034 ,   155.93909259550344 ,   155.91651770266145 ,   155.91651770266145 , 
  500.0 ,   473.34993452029767 ,   446.9263452833468 ,   420.9499461355707 ,   395.63017000666673 ,   371.16012371988734 ,   347.71221783963585 ,   325.43463427520123 ,   304.44874702063635 ,   284.8475591501291 ,   266.6951656726475 ,   250.02720067097596 ,   234.85218153342765 ,   221.1536256467532 ,   208.89278748854576 ,   198.011847595676 ,   188.4373794712734 ,   180.0839253988225 ,   172.85752596036332 ,   166.65906892102123 ,   161.3873488756867 ,   156.94175741011048 ,   153.22455237245987 ,   150.1426823099722 ,   147.60916669845108 ,   145.54405321335776 ,   143.87498934228654 ,   142.53745692522028 ,   141.47472490314885 ,   140.63757811809785 ,   139.98387909973252 ,   139.47801616925113 ,   139.0902856957013 ,   138.79624972276696 ,   138.57610312810561 ,   138.41407754414638 ,   138.29790288190634 ,   138.21834173827307 ,   138.16880737717634 ,   138.14507237978518 ,   138.14507237978518 , 
  500.0 ,   472.17786835054403 ,   444.5921848146794 ,   417.47338109709995 ,   391.0401107232317 ,   365.49398148758223 ,   341.0149927269897 ,   317.75784731479564 ,   295.8492588421351 ,   275.38631988380735 ,   256.43594136762886 ,   239.03531962832085 ,   223.1933400972609 ,   208.89278748854576 ,   196.09320370304084 ,   184.73421748652817 ,   174.73916422826784 ,   166.01881941216413 ,   158.47508367462717 ,   152.00447921206285 ,   146.50134415235226 ,   141.8606411139093 ,   137.98032629309654 ,   134.76325409078646 ,   132.1186179452468 ,   129.96294956776387 ,   128.220715534546 ,   126.82456197062862 ,   125.71526504855149 ,   124.84144769768426 ,   124.15912196997903 ,   123.6311127426265 ,   123.22641269866222 ,   122.91951161658432 ,   122.68973563226069 ,   122.52062489722562 ,   122.39937138852252 ,   122.31633281927543 ,   122.26463380732355 ,   122.23986170617451 ,   122.23986170617451 , 
  500.0 ,   471.1376639225308 ,   442.52062805459605 ,   414.38795065496765 ,   386.9664702779504 ,   360.46534078945365 ,   335.0712976625473 ,   310.9448318220823 ,   288.21739602069204 ,   266.9897121095987 ,   247.3311895902043 ,   229.28041038806236 ,   212.84658537344995 ,   198.011847595676 ,   184.73421748652817 ,   172.95105746035455 ,   162.58282747965137 ,   153.53695847675442 ,   145.71167550954686 ,   138.99962513874124 ,   133.29118939664693 ,   128.47739943944083 ,   124.45239322319117 ,   121.1153912897069 ,   118.37219136655682 ,   116.13620482112384 ,   114.32907539237169 ,   112.8809328458542 ,   111.7303414441651 ,   110.82400589596386 ,   110.11629645871437 ,   109.5686509618073 ,   109.14890556047982 ,   108.83059886068662 ,   108.5922864102734 ,   108.41689504085093 ,   108.29113962579174 ,   108.20501879642433 ,   108.15140118754891 ,   108.12570989033736 ,   108.12570989033736 , 
  500.0 ,   470.22231071200986 ,   440.69771322798556 ,   411.6728588295132 ,   383.38179036812244 ,   356.04030346409513 ,   329.8410622812969 ,   304.9496517597664 ,   281.5016952644918 ,   259.60110818413125 ,   239.319498187436 ,   220.69666563357902 ,   203.7421066409981 ,   188.4373794712734 ,   174.73916422826784 ,   162.58282747965137 ,   151.8862973659418 ,   142.55406025696368 ,   134.4811054838164 ,   127.55666800740181 ,   121.66764765754624 ,   116.70161527914809 ,   112.5493483661383 ,   109.10686945720312 ,   106.27698803236416 ,   103.97036969476767 ,   102.10617435733798 ,   100.61231776256255 ,   99.42541813853836 ,   98.4904926510714 ,   97.76046728988501 ,   97.19555979213567 ,   96.76258905901199 ,   96.4342571215667 ,   96.18844182310562 ,   96.00753063516294 ,   95.87781888497335 ,   95.78898945767969 ,   95.73368590795866 ,   95.70718689956868 ,   95.70718689956868 , 
  500.0 ,   469.42364810175513 ,   439.1071881576761 ,   409.3038982485324 ,   380.2541086734914 ,   352.17941141390065 ,   325.27764451574 ,   299.71883817255343 ,   275.64225493839456 ,   253.1545964985521 ,   232.32938798538765 ,   213.20749207185082 ,   195.79865270902502 ,   180.0839253988225 ,   166.01881941216413 ,   153.53695847675442 ,   142.55406025696368 ,   132.9720405947358 ,   124.68306436905903 ,   117.57338879654839 ,   111.52687454675925 ,   106.42807260446557 ,   102.16482792541217 ,   98.63037245239894 ,   95.72490826301333 ,   93.3567052850562 ,   91.4427564322209 ,   89.9090459585189 ,   88.69049450365878 ,   87.73064723271807 ,   86.98117042190216 ,   86.40121769667536 ,   85.95672081398573 ,   85.61965228025173 ,   85.36729899479843 ,   85.18157814913127 ,   85.04841928113393 ,   84.95723000161951 ,   84.90045764461104 ,   84.87325496916884 ,   84.87325496916884 , 
  500.0 ,   468.732702451152 ,   437.7311815501598 ,   407.2544500145457 ,   377.54827903093553 ,   348.83927637846887 ,   321.3297570845916 ,   295.1935976373046 ,   270.5732091880998 ,   247.577703812217 ,   226.28226505433787 ,   206.72867389676912 ,   188.92688773073206 ,   172.85752596036332 ,   158.47508367462717 ,   145.71167550954686 ,   134.4811054838164 ,   124.68306436905903 ,   116.2072724091193 ,   108.93740971548675 ,   102.75470689105134 ,   97.54110173458497 ,   93.18190174593326 ,   89.56792438842314 ,   86.59711590943243 ,   84.17567372090969 ,   82.21871617447812 ,   80.65055680339628 ,   79.40464794916358 ,   78.42326168581042 ,   77.65697487724123 ,   77.06402096141909 ,   76.60956459569888 ,   76.2649475238888 ,   76.00694573901717 ,   75.81706987550336 ,   75.68093326676802 ,   75.58770557815882 ,   75.52966454006332 ,   75.50185408968287 ,   75.50185408968287 , 
  500.0 ,   468.14000695673553 ,   436.5508400071076 ,   405.49643251689395 ,   375.22722419044896 ,   345.9741264662233 ,   317.943295567134 ,   291.3119078716843 ,   266.2250756190788 ,   242.79397842107528 ,   221.09522201425625 ,   201.1713744479273 ,   183.03257532455802 ,   166.65906892102123 ,   152.00447921206285 ,   138.99962513874124 ,   127.55666800740181 ,   117.57338879654839 ,   108.93740971548675 ,   101.53019934194663 ,   95.23073146998877 ,   89.91870173659328 ,   85.4772406097614 ,   81.7950941723243 ,   78.76827352941655 ,   76.30119832846503 ,   74.30737907054174 ,   72.70969637968108 ,   71.4403433894393 ,   70.4405004559531 ,   69.65981030635601 ,   69.05571740712242 ,   68.59272875281005 ,   68.24164535273286 ,   67.97880524791026 ,   67.78537059497711 ,   67.6466837132823 ,   67.55171034124714 ,   67.49258286102531 ,   67.46425195451212 ,   67.46425195451212 , 
  500.0 ,   467.63589392863526 ,   435.54691010056877 ,   404.0011684131962 ,   373.2530805186735 ,   343.53721928233756 ,   315.0630087702905 ,   288.0104325320897 ,   262.5269003867721 ,   238.72535038115404 ,   216.6835975280548 ,   196.44487871668008 ,   178.0194877391731 ,   161.3873488756867 ,   146.50134415235226 ,   133.29118939664693 ,   121.66764765754624 ,   111.52687454675925 ,   102.75470689105134 ,   95.23073146998877 ,   88.83200191074394 ,   83.43630629107508 ,   78.92492306678321 ,   75.18483631472151 ,   72.11041114371835 ,   69.60455517812125 ,   67.57941151245615 ,   65.95664223608117 ,   64.66736974436787 ,   63.651846149221285 ,   62.85891998175117 ,   62.2453649849744 ,   61.77512910409882 ,   61.41855373184177 ,   61.1516046860047 ,   60.95514796856713 ,   60.81429559357542 ,   60.7178400154462 ,   60.657790115505975 ,   60.62901734093316 ,   60.62901734093316 , 
  500.0 ,   467.21075181360663 ,   434.70025023837866 ,   402.74014703121566 ,   371.5882046144907 ,   341.4820845754582 ,   312.6339675630019 ,   285.22620496430307 ,   259.4081444220459 ,   235.2942068701393 ,   212.96322684152636 ,   192.45900476145732 ,   173.79196375699843 ,   156.94175741011048 ,   141.8606411139093 ,   128.47739943944083 ,   116.70161527914809 ,   106.42807260446557 ,   97.54110173458497 ,   89.91870173659328 ,   83.43630629107508 ,   77.97009429477635 ,   73.39978200211107 ,   69.6108673238839 ,   66.4963271574419 ,   63.95779400508826 ,   61.90625788758456 ,   60.262353439195124 ,   58.9563002936045 ,   57.927568005147805 ,   57.12433561301202 ,   56.50281150131627 ,   56.026472427819556 ,   55.665272436477494 ,   55.39486367478298 ,   55.1958625971817 ,   55.05318717130143 ,   54.95548385907807 ,   54.894657497889455 ,   54.865512786130125 ,   54.865512786130125 , 
  500.0 ,   466.8552420482092 ,   433.9922625288334 ,   401.6856676084967 ,   370.19602258390614 ,   339.76357263762736 ,   310.60280408868744 ,   282.89804871061256 ,   256.80027472761753 ,   232.42514301088733 ,   209.8523403498594 ,   189.12613794272812 ,   170.25706645307764 ,   153.22455237245987 ,   137.98032629309654 ,   124.45239322319117 ,   112.5493483661383 ,   102.16482792541217 ,   93.18190174593326 ,   85.4772406097614 ,   78.92492306678321 ,   73.39978200211107 ,   68.7802270613875 ,   64.95051324158737 ,   61.80245654092795 ,   59.23662322040394 ,   57.16303919372939 ,   55.50148009188939 ,   54.18141085923065 ,   53.141646905400876 ,   52.329807686415904 ,   51.70162908314654 ,   51.220194090033374 ,   50.85513307930495 ,   50.5818361161717 ,   50.380711167331754 ,   50.23651409474172 ,   50.13776940750421 ,   50.07629503656449 ,   50.04683992858253 ,   50.04683992858253 , 
  500.0 ,   466.5604734469913 ,   433.40524007413865 ,   400.8113565629899 ,   369.0417129885086 ,   338.3386973669358 ,   308.9187082497416 ,   280.96771975382273 ,   254.63804392487646 ,   230.04636965582375 ,   207.27309013519567 ,   186.3628664965106 ,   167.32631803212308 ,   150.1426823099722 ,   134.76325409078646 ,   121.1153912897069 ,   109.10686945720312 ,   98.63037245239894 ,   89.56792438842314 ,   81.7950941723243 ,   75.18483631472151 ,   69.6108673238839 ,   64.95051324158737 ,   61.08699837142768 ,   57.91117611024856 ,   55.32272868145378 ,   53.23088271089085 ,   51.55470173956007 ,   50.223025150833394 ,   49.17412618383821 ,   48.35516054162866 ,   47.72147255593336 ,   47.23581895215699 ,   46.86756193600036 ,   46.591874453938544 ,   46.388991769057895 ,   46.24353547214935 ,   46.14392906710208 ,   46.0819185107606 ,   46.05220657959245 ,   46.05220657959245 , 
  500.0 ,   466.31813417698766 ,   432.92262979518364 ,   400.09255894833325 ,   368.0927236720638 ,   337.16727424803355 ,   307.53418176931666 ,   279.3807708529139 ,   252.86045845458216 ,   228.09077858343983 ,   205.15270497295842 ,   184.09121898923752 ,   164.9170123299619 ,   147.60916669845108 ,   132.1186179452468 ,   118.37219136655682 ,   106.27698803236416 ,   95.72490826301333 ,   86.59711590943243 ,   78.76827352941655 ,   72.11041114371835 ,   66.4963271574419 ,   61.80245654092795 ,   57.91117611024856 ,   54.71254783282865 ,   52.105527160335555 ,   49.998683678972554 ,   48.31049562287484 ,   46.96928823940141 ,   45.91288921080297 ,   45.08807316368285 ,   44.44986271626726 ,   43.96074654375337 ,   43.58986655807263 ,   43.31221736397549 ,   43.107892378719896 ,   42.96140292244837 ,   42.86108955469854 ,   42.79863913191019 ,   42.768716520541204 ,   42.768716520541204 , 
  500.0 ,   466.12058333951313 ,   432.52921481285534 ,   399.50661009014243 ,   367.31913038412824 ,   336.21236302896375 ,   306.40556139262947 ,   278.08715122947024 ,   251.41145029140182 ,   226.49668146457827 ,   203.42429155428437 ,   182.239522679981 ,   162.95312517220054 ,   145.54405321335776 ,   129.96294956776387 ,   116.13620482112384 ,   103.97036969476767 ,   93.3567052850562 ,   84.17567372090969 ,   76.30119832846503 ,   69.60455517812125 ,   63.95779400508826 ,   59.23662322040394 ,   55.32272868145378 ,   52.105527160335555 ,   49.4833816787841 ,   47.364326285452876 ,   45.666362190006225 ,   44.317395660112425 ,   43.25489132069555 ,   42.42531331342269 ,   41.78342216468985 ,   41.29148819839355 ,   40.91847389551066 ,   40.63922861474447 ,   40.43373026173515 ,   40.28640036632919 ,   40.18551195434446 ,   40.12270376569785 ,   40.09260980408874 ,   40.09260980408874 , 
  500.0 ,   465.9609057140286 ,   432.2112234656688 ,   399.0329979492867 ,   366.6938511264825 ,   335.4405322881172 ,   305.4933315550069 ,   277.041564911307 ,   250.24027828760177 ,   225.20825133994072 ,   202.02731310068674 ,   180.74291620449708 ,   161.3658580451555 ,   143.87498934228654 ,   128.22071553454595 ,   114.32907539237169 ,   102.10617435733798 ,   91.4427564322209 ,   82.21871617447812 ,   74.30737907054174 ,   67.57941151245615 ,   61.90625788758456 ,   57.16303919372939 ,   53.23088271089085 ,   49.9986836789725 ,   47.364326285452876 ,   45.2354117703843 ,   43.52955586186033 ,   42.174326285887275 ,   41.10689434195973 ,   40.273473347432855 ,   39.62861212105582 ,   39.134404629822825 ,   38.75966844825217 ,   38.479135648254896 ,   38.2726908688046 ,   38.124683147938526 ,   38.02333099307236 ,   37.96023430357286 ,   37.93000217151899 ,   37.93000217151899 , 
  500.0 ,   465.8329342980544 ,   431.9563741926926 ,   398.6534299591726 ,   366.192734374432 ,   334.821968302075 ,   304.7622530100871 ,   276.2036181076761 ,   249.30169317849936 ,   224.1757040607115 ,   200.90778599194613 ,   179.54356011462977 ,   160.09386126685968 ,   142.53745692522028 ,   126.82456197062862 ,   112.8809328458542 ,   100.61231776256255 ,   89.9090459585189 ,   80.65055680339628 ,   72.70969637968108 ,   65.95664223608117 ,   60.262353439195124 ,   55.50148009188939 ,   51.55470173956007 ,   48.31049562287478 ,   45.666362190006225 ,   43.52955586186033 ,   41.817383503342796 ,   40.45714161581208 ,   39.385766524453686 ,   38.54927064052009 ,   37.90203322712438 ,   37.40600702353447 ,   37.029893575107224 ,   36.74833105038789 ,   36.54112942408477 ,   36.392579706927165 ,   36.29085677001615 ,   36.22752942722366 ,   36.19718683409917 ,   36.19718683409917 , 
  500.0 ,   465.73124591797136 ,   431.753866786995 ,   398.3518199848429 ,   365.7945418344184 ,   334.3304537225108 ,   304.1813375722455 ,   275.5377901859713 ,   248.5559049814343 ,   223.35526231345864 ,   200.01824063256402 ,   178.590594810149 ,   159.0831892126298 ,   141.47472490314885 ,   125.71526504855149 ,   111.7303414441651 ,   99.42541813853836 ,   88.69049450365878 ,   79.40464794916358 ,   71.4403433894393 ,   64.66736974436787 ,   58.9563002936045 ,   54.18141085923065 ,   50.223025150833394 ,   46.96928823940141 ,   44.317395660112425 ,   42.174326285887275 ,   40.45714161581208 ,   39.09292270946747 ,   38.01841926562446 ,   37.17948414547038 ,   36.53036197446272 ,   36.032893361216 ,   35.65568773792421 ,   35.37330873360844 ,   35.16550706171671 ,   35.01652768123455 ,   34.91451083571184 ,   34.85100067307542 ,   34.820570530428995 ,   34.820570530428995 , 
  500.0 ,   465.651135431943 ,   431.59433101544744 ,   398.11421178228 ,   365.48084736368423 ,   333.9432427602653 ,   303.7237005331815 ,   275.0132644305563 ,   247.9683933233266 ,   222.70894683328345 ,   199.31749493076956 ,   177.83989770063147 ,   158.28704258808523 ,   140.63757811809785 ,   124.84144769768426 ,   110.82400589596386 ,   98.4904926510714 ,   87.73064723271807 ,   78.42326168581042 ,   70.4405004559531 ,   63.651846149221285 ,   57.92756800514786 ,   53.141646905400876 ,   49.17412618383821 ,   45.91288921080297 ,   43.25489132069555 ,   41.10689434195973 ,   39.38576652445374 ,   38.01841926562446 ,   36.94145531123593 ,   36.100601904481664 ,   35.44999767952078 ,   34.95139498242469 ,   34.57333074801471 ,   34.290309946066884 ,   34.08203665934735 ,   33.93271961411216 ,   33.83047181213277 ,   33.76681799799246 ,   33.736319066055614 ,   33.736319066055614 , 
  500.0 ,   465.58857396110636 ,   431.4697434312245 ,   397.92865508365696 ,   365.23587334384627 ,   333.6408591620235 ,   303.3663218240955 ,   274.6036542034218 ,   247.50960060235457 ,   222.20423871514197 ,   198.77028800981947 ,   177.25369062500306 ,   157.6653518813108 ,   139.98387909973252 ,   124.15912196997903 ,   110.11629645871437 ,   97.76046728988501 ,   86.98117042190216 ,   77.65697487724123 ,   69.65981030635601 ,   62.85891998175117 ,   57.12433561301208 ,   52.32980768641596 ,   48.35516054162872 ,   45.08807316368285 ,   42.42531331342269 ,   40.27347334743291 ,   38.54927064052009 ,   37.17948414547044 ,   36.10060190448172 ,   35.25825312187419 ,   34.60649372067331 ,   34.10700717901193 ,   33.728273871648014 ,   33.44475300984897 ,   33.236112305255176 ,   33.08653222629738 ,   32.98410453102406 ,   32.920338834126994 ,   32.88978632827042 ,   32.88978632827042 , 
  500.0 ,   465.5401562424348 ,   431.37332252266276 ,   397.7850494172974 ,   365.0462844571672 ,   333.4068416065578 ,   303.08974503386276 ,   274.2866578775147 ,   247.1545453688518 ,   221.81365395873752 ,   198.34681876103735 ,   176.80004532910732 ,   157.18425270059953 ,   139.47801616925113 ,   123.6311127426265 ,   109.5686509618073 ,   97.19555979213567 ,   86.40121769667536 ,   77.06402096141909 ,   69.05571740712242 ,   62.2453649849744 ,   56.50281150131627 ,   51.7016290831466 ,   47.72147255593336 ,   44.44986271626732 ,   41.78342216468985 ,   39.62861212105582 ,   37.90203322712438 ,   36.530361974462835 ,   35.449997679520834 ,   34.60649372067331 ,   33.95384205784279 ,   33.45367291810328 ,   33.07442294749558 ,   32.790515984016565 ,   32.581591626224906 ,   32.431808503085506 ,   32.32924195577823 ,   32.26538990780455 ,   32.23479605560283 ,   32.23479605560283 , 
  500.0 ,   465.5030416730682 ,   431.2994112993291 ,   397.67496921773045 ,   364.90095676308385 ,   333.22745861484736 ,   302.87774039932856 ,   274.04367248037113 ,   246.88238946344643 ,   221.51426714832132 ,   198.0222292551628 ,   176.45232987887385 ,   156.81549848061644 ,   139.0902856957013 ,   123.22641269866222 ,   109.14890556047982 ,   96.76258905901204 ,   85.95672081398573 ,   76.60956459569888 ,   68.59272875281005 ,   61.77512910409888 ,   56.02647242781961 ,   51.22019409003343 ,   47.23581895215705 ,   43.96074654375337 ,   41.29148819839355 ,   39.134404629822825 ,   37.40600702353453 ,   36.032893361216054 ,   34.95139498242469 ,   34.10700717901199 ,   33.45367291810334 ,   32.9529816441007 ,   32.573336517376504 ,   32.28913429191101 ,   32.07999304370827 ,   31.930054683971605 ,   31.82738198831231 ,   31.763463932496506 ,   31.732838476178415 ,   31.732838476178415 , 
  500.0 ,   465.4748929849346 ,   431.24335515948565 ,   397.5914819093359 ,   364.7907375008135 ,   333.0914120167107 ,   302.7169542762008 ,   273.85939184948245 ,   246.67598781601612 ,   221.28721606856294 ,   197.77606749671673 ,   176.1886329580206 ,   156.5358497495555 ,   138.79624972276696 ,   122.91951161658432 ,   108.83059886068662 ,   96.4342571215667 ,   85.61965228025178 ,   76.26494752388874 ,   68.24164535273286 ,   61.418553731841826 ,   55.66527243647755 ,   50.85513307930495 ,   46.86756193600036 ,   43.58986655807263 ,   40.91847389551066 ,   38.75966844825217 ,   37.02989357510717 ,   35.65568773792427 ,   34.57333074801471 ,   33.72827387164796 ,   33.07442294749558 ,   32.57333651737656 ,   32.19339237153815 ,   31.908966746571537 ,   31.699661416136223 ,   31.549605629943187 ,   31.446852647823846 ,   31.382884670100225 ,   31.352235312680477 ,   31.352235312680477 , 
  500.0 ,   465.45381581527135 ,   431.2013815423975 ,   397.5289686500138 ,   364.70820840691897 ,   332.9895447610569 ,   302.5965637505001 ,   273.72141068868416 ,   246.52144486566385 ,   221.1172136178044 ,   197.59175810615847 ,   175.9911966765219 ,   156.3264724419443 ,   138.57610312810561 ,   122.68973563226069 ,   108.5922864102734 ,   96.18844182310568 ,   85.36729899479838 ,   76.00694573901711 ,   67.97880524791026 ,   61.15160468600476 ,   55.39486367478298 ,   50.581836116171644 ,   46.591874453938544 ,   43.31221736397555 ,   40.63922861474447 ,   38.479135648254896 ,   36.74833105038789 ,   35.37330873360844 ,   34.290309946066884 ,   33.44475300984897 ,   32.79051598401662 ,   32.289134291911125 ,   31.908966746571593 ,   31.624374239201927 ,   31.414946352056973 ,   31.264802867251944 ,   31.161989929940773 ,   31.097984675072496 ,   31.067317471349668 ,   31.067317471349668 , 
  500.0 ,   465.4383017768988 ,   431.1704865509878 ,   397.48295545821657 ,   364.64746274466756 ,   332.91456565683745 ,   302.5079512677646 ,   273.6198515782485 ,   246.4076967033808 ,   220.99208803376752 ,   197.45610371647393 ,   175.84588230276745 ,   156.17237115022778 ,   138.41407754414638 ,   122.52062489722562 ,   108.41689504085093 ,   96.00753063516294 ,   85.18157814913121 ,   75.81706987550336 ,   67.78537059497711 ,   60.95514796856713 ,   55.1958625971817 ,   50.38071116733181 ,   46.388991769057895 ,   43.107892378719896 ,   40.43373026173521 ,   38.2726908688046 ,   36.54112942408483 ,   35.16550706171671 ,   34.08203665934735 ,   33.236112305255176 ,   32.58159162622496 ,   32.079993043708384 ,   31.69966141613628 ,   31.41494635205703 ,   31.205428471060372 ,   31.055220595793173 ,   30.95236364203953 ,   30.88833102194718 ,   30.85765071783203 ,   30.85765071783203 , 
  500.0 ,   465.42717702217874 ,   431.14833251567745 ,   397.4499606374533 ,   364.60390385319033 ,   332.86080068271417 ,   302.44441067120624 ,   273.54702799509926 ,   246.32613356199386 ,   220.90236752049248 ,   197.358834528385 ,   175.74168760761404 ,   156.06187713535616 ,   138.29790288190634 ,   122.39937138852252 ,   108.29113962579169 ,   95.87781888497335 ,   85.04841928113387 ,   75.68093326676802 ,   67.6466837132823 ,   60.81429559357542 ,   55.05318717130143 ,   50.23651409474172 ,   46.243535472149404 ,   42.96140292244837 ,   40.28640036632919 ,   38.124683147938526 ,   36.39257970692722 ,   35.01652768123461 ,   33.932719614112216 ,   33.08653222629738 ,   32.43180850308556 ,   31.93005468397166 ,   31.549605629943187 ,   31.264802867252 ,   31.05522059579323 ,   30.90496665384734 ,   30.80207821226486 ,   30.738026017368384 ,   30.707336342727785 ,   30.707336342727785 , 
  500.0 ,   465.4195577633609 ,   431.13315941228416 ,   397.4273628365762 ,   364.5740709438685 ,   332.82397793499865 ,   302.40089300399484 ,   273.497152919286 ,   246.27027337914387 ,   220.8409210754183 ,   197.29221881631582 ,   175.67032952384113 ,   155.9862056290034 ,   138.21834173827312 ,   122.31633281927543 ,   108.20501879642427 ,   95.78898945767969 ,   84.95723000161951 ,   75.58770557815882 ,   67.55171034124714 ,   60.7178400154462 ,   54.95548385907807 ,   50.13776940750421 ,   46.14392906710208 ,   42.86108955469854 ,   40.18551195434446 ,   38.02333099307236 ,   36.29085677001615 ,   34.91451083571184 ,   33.830471812132714 ,   32.98410453102406 ,   32.329241955778286 ,   31.82738198831231 ,   31.446852647823846 ,   31.161989929940773 ,   30.95236364203953 ,   30.80207821226486 ,   30.69916824950917 ,   30.635102676489453 ,   30.604406597935906 ,   30.604406597935906 , 
  500.0 ,   465.41481377333855 ,   431.12371217322027 ,   397.4132927829287 ,   364.55549615336054 ,   332.801051162616 ,   302.37379792408217 ,   273.4660997293737 ,   246.23549394011536 ,   220.80266377393872 ,   197.25074333687536 ,   175.62590170977677 ,   155.9390925955035 ,   138.1688073771764 ,   122.26463380732355 ,   108.15140118754886 ,   95.73368590795866 ,   84.90045764461104 ,   75.52966454006332 ,   67.49258286102531 ,   60.657790115505975 ,   54.894657497889455 ,   50.07629503656449 ,   46.0819185107606 ,   42.79863913191019 ,   40.12270376569785 ,   37.96023430357286 ,   36.22752942722366 ,   34.85100067307542 ,   33.766817997992405 ,   32.920338834126994 ,   32.265389907804604 ,   31.763463932496506 ,   31.382884670100225 ,   31.097984675072496 ,   30.88833102194718 ,   30.738026017368384 ,   30.63510267648951 ,   30.571028787659998 ,   30.54032872856584 ,   30.54032872856584 , 
  500.0 ,   465.4125405470089 ,   431.119185246514 ,   397.4065507056197 ,   364.54659551625787 ,   332.790065175795 ,   302.36081461553147 ,   273.4512198377147 ,   246.21882858510628 ,   220.78433199389667 ,   197.23086958283324 ,   175.60461338236007 ,   155.91651770266145 ,   138.14507237978518 ,   122.23986170617451 ,   108.12570989033736 ,   95.70718689956868 ,   84.87325496916884 ,   75.50185408968287 ,   67.46425195451212 ,   60.62901734093316 ,   54.865512786130125 ,   50.04683992858253 ,   46.05220657959245 ,   42.768716520541204 ,   40.09260980408874 ,   37.93000217151899 ,   36.19718683409917 ,   34.820570530428995 ,   33.736319066055614 ,   32.889786328270475 ,   32.234796055602885 ,   31.732838476178415 ,   31.352235312680477 ,   31.067317471349668 ,   30.857650717831973 ,   30.707336342727785 ,   30.604406597935963 ,   30.54032872856584 ,   30.509626764136385 ,   30.509626764136385 , 
  500.0 ,   465.4125405470089 ,   431.119185246514 ,   397.4065507056197 ,   364.54659551625787 ,   332.790065175795 ,   302.36081461553147 ,   273.4512198377147 ,   246.21882858510628 ,   220.78433199389667 ,   197.23086958283324 ,   175.60461338236007 ,   155.91651770266145 ,   138.14507237978518 ,   122.23986170617451 ,   108.12570989033736 ,   95.70718689956868 ,   84.87325496916884 ,   75.50185408968287 ,   67.46425195451212 ,   60.62901734093316 ,   54.865512786130125 ,   50.04683992858253 ,   46.05220657959245 ,   42.768716520541204 ,   40.09260980408874 ,   37.93000217151899 ,   36.19718683409917 ,   34.820570530428995 ,   33.736319066055614 ,   32.889786328270475 ,   32.234796055602885 ,   31.732838476178415 ,   31.352235312680477 ,   31.067317471349668 ,   30.857650717831973 ,   30.707336342727785 ,   30.604406597935963 ,   30.54032872856584 ,   30.509626764136385 ,   30.509626764136385 , 
