  500.0 ,   500.0 ,   500.0 ,   500.0 ,   500.0 ,   500.0 ,   500.0 ,   500.0 ,   500.0 ,   500.0 ,   500.0 ,   500.0 ,   500.0 ,   500.0 ,   500.0 ,   500.0 ,   500.0 ,   500.0 ,   500.0 ,   500.0 ,   500.0 ,   500.0 ,   500.0 ,   500.0 ,   500.0 ,   500.0 ,   500.0 ,   500.0 ,   500.0 ,   500.0 ,   500.0 ,   500.0 ,   500.0 ,   500.0 ,   500.0 ,   500.0 ,   500.0 ,   500.0 ,   500.0 ,   500.0 ,   500.0 , 
  500.0 ,   499.3646009287113 ,   498.7306039882992 ,   498.09940336288446 ,   497.4723774402413 ,   496.85088115505937 ,   496.23623861780595 ,   495.6297361176032 ,   495.03261558186875 ,   494.44606856857445 ,   493.8712308589793 ,   493.30917770972223 ,   492.76091981336526 ,   492.22740000603847 ,   491.7094907499113 ,   491.20799240699046 ,   490.723632309393 ,   490.2570646199533 ,   489.8088709659621 ,   489.3795618181622 ,   488.9695785770177 ,   488.57929631884497 ,   488.2090271457879 ,   487.8590240759495 ,   487.5294854033374 ,   487.22055945172633 ,   486.9323496421439 ,   486.66491979046907 ,   486.41829954963896 ,   486.192489910169 ,   485.98746867309444 ,   485.80319581102776 ,   485.63961863571603 ,   485.4966766942523 ,   485.3743063208608 ,   485.27244477686725 ,   485.19103391798626 ,   485.13002333534223 ,   485.08937292454857 ,   485.0690548456522 ,   485.0690548456522 , 
  500.0 ,   498.7306039882992 ,   497.46400914529556 ,   496.2030007636929 ,   494.95033257832813 ,   493.7087114695729 ,   492.48078273730994 ,   491.2691161221135 ,   490.07619273894977 ,   488.90439307494137 ,   487.7559861867554 ,   486.63312021525746 ,   485.53781431550556 ,   484.47195207930076 ,   483.43727650568417 ,   482.4353865523402 ,   481.4677352781971 ,   480.5356295649525 ,   479.64023138315633 ,   478.7825605471687 ,   477.96349888310374 ,   477.1837957150402 ,   476.4440745575931 ,   475.74484088760494 ,   475.0864908544288 ,   474.4693207771795 ,   473.89353726853597 ,   473.35926781826413 ,   472.8665716656384 ,   472.41545078835554 ,   472.00586083635994 ,   471.6377218421409 ,   471.3109285444582 ,   471.0253601699725 ,   470.78088952678604 ,   470.5773912752551 ,   470.4147492544855 ,   470.2928627574473 ,   470.2116516634734 ,   470.1710603538279 ,   470.1710603538279 , 
  500.0 ,   498.09940336288446 ,   496.2030007636929 ,   494.31496247005987 ,   492.43941149968305 ,   490.5804007175316 ,   488.7418907873457 ,   486.9277292418865 ,   485.1416309194533 ,   483.3871599935695 ,   481.6677137988055 ,   479.9865086288705 ,   478.34656765382306 ,   476.7507110720088 ,   475.20154857965645 ,   473.70147420748367 ,   472.2526635397195 ,   470.85707329716945 ,   469.51644323286473 ,   468.2323002569276 ,   467.0059646770253 ,   465.8385584125979 ,   464.7310150153045 ,   463.6840913051809 ,   462.69838041210073 ,   461.77432599552185 ,   460.9122374023343 ,   460.11230551302606 ,   459.3746190203957 ,   458.69918088268787 ,   458.0859246942433 ,   457.5347307214736 ,   457.04544136003835 ,   456.6178757803772 ,   456.2518435429929 ,   455.9471569819119 ,   455.7036421742648 ,   455.5211483356894 ,   455.3995555049553 ,   455.3387804065394 ,   455.3387804065394 , 
  500.0 ,   497.4723774402413 ,   494.95033257832813 ,   492.43941149968305 ,   489.94509745140965 ,   487.47278038356865 ,   485.02772762658435 ,   482.6150560564955 ,   480.23970607722447 ,   477.9064177216226 ,   475.6197091412238 ,   473.3838577189482 ,   471.2028840000502 ,   469.0805385950605 ,   467.02029216501694 ,   465.02532855461345 ,   463.09854109375715 ,   461.24253204309946 ,   459.4596151151055 ,   457.7518209597865 ,   456.1209054639843 ,   454.56836067560255 ,   453.09542812995494 ,   451.70311432486574 ,   450.3922080647052 ,   449.1632993714395 ,   448.01679964327616 ,   446.95296272870826 ,   445.97190657581143 ,   445.0736351135042 ,   444.2580600231098 ,   443.52502206482677 ,   442.87431163445024 ,   442.30568824066927 ,   441.81889861222567 ,   441.41369316685257 ,   441.0898405998731 ,   440.8471403792787 ,   440.6854329656187 ,   440.60460760872206 ,   440.60460760872206 , 
  500.0 ,   496.85088115505937 ,   493.708711469573 ,   490.5804007175317 ,   487.47278038356865 ,   484.3925657148743 ,   481.34631918860134 ,   478.3404158329553 ,   475.3810108120839 ,   472.47400965072165 ,   469.62504143489446 ,   466.8394352805219 ,   464.12220031323284 ,   461.47800935094915 ,   458.9111864266504 ,   456.42569823308656 ,   454.0251495149688 ,   451.71278237819376 ,   449.49147943083756 ,   447.36377061778467 ,   445.33184356071956 ,   443.3975571685046 ,   441.56245824031976 ,   439.8278007459037 ,   438.1945674342719 ,   436.66349339475687 ,   435.23509117240644 ,   433.9096770238658 ,   432.6873978899548 ,   431.56825865724375 ,   430.5521492829573 ,   429.6388713653412 ,   428.8281637550084 ,   428.11972682144426 ,   427.51324501247393 ,   427.00840737269095 ,   426.60492571919644 ,   426.3025502090492 ,   426.1010820720868 ,   426.0003833247573 ,   426.0003833247573 , 
  500.0 ,   496.23623861780595 ,   492.48078273730994 ,   488.7418907873457 ,   485.02772762658435 ,   481.34631918860134 ,   477.7055088187202 ,   474.11291582635135 ,   470.5758967429874 ,   467.10150973519853 ,   463.69648257456583 ,   460.367184513359 ,   457.1196023567618 ,   453.95932096059016 ,   450.8915083187351 ,   447.9209053380587 ,   445.05182033125425 ,   442.2881281912845 ,   439.633274145491 ,   437.09028192427786 ,   434.6617661193502 ,   432.34994845066603 ,   430.15667761028726 ,   428.083452305862 ,   426.1314470870609 ,   424.30154050539875 ,   422.594345131796 ,   421.01023893722765 ,   419.54939752995165 ,   418.21182673814155 ,   416.9973950291677 ,   415.9058652661025 ,   414.9369253180163 ,   414.09021706293834 ,   413.3653633505903 ,   412.7619925257005 ,   412.2797601513713 ,   411.91836761505624 ,   411.67757734663496 ,   411.55722442823514 ,   411.55722442823514 , 
  500.0 ,   495.6297361176032 ,   491.2691161221135 ,   486.9277292418865 ,   482.6150560564955 ,   478.3404158329553 ,   474.11291582635135 ,   469.9414031529891 ,   465.8344198052167 ,   461.8001613296691 ,   457.8464396356519 ,   453.98065033867385 ,   450.2097449767981 ,   446.5402083656485 ,   442.97804128277085 ,   439.52874859482495 ,   436.19733286303335 ,   432.9882933846403 ,   429.90563055204655 ,   426.95285533792253 ,   424.13300364501526 ,   421.4486551945498 ,   418.90195656794197 ,   416.49464796375275 ,   414.22809318606664 ,   412.1033123422699 ,   410.12101669794174 ,   408.28164511448483 ,   406.58540148137104 ,   405.03229254944813 ,   403.62216557456657 ,   402.35474519162403 ,   401.2296689576847 ,   400.2465210287428 ,   399.40486346747434 ,   398.7042647184604 ,   398.14432483225085 ,   397.7246970696772 ,   397.44510557230103 ,   397.30535884314725 ,   397.30535884314725 , 
  500.0 ,   495.03261558186875 ,   490.07619273894977 ,   485.1416309194532 ,   480.23970607722435 ,   475.3810108120839 ,   470.5758967429874 ,   465.8344198052167 ,   461.16628911851944 ,   456.5808200192429 ,   452.08689178694647 ,   447.6929105258454 ,   443.40677758489323 ,   439.23586381866596 ,   435.1869899057974 ,   431.26641285395453 ,   427.4798187316137 ,   423.8323215786195 ,   420.32846836102397 ,   416.97224975231006 ,   413.76711644401826 ,   410.71600061511333 ,   407.8213421221666 ,   405.0851189124229 ,   402.5088811098278 ,   400.0937881806608 ,   397.84064855102235 ,   395.74996102332193 ,   393.8219573232773 ,   392.05664510277245 ,   390.4538507271134 ,   389.0132611875407 ,   387.73446450095753 ,   386.61698798827956 ,   385.66033386006995 ,   384.86401158260844 ,   384.2275665485622 ,   383.7506046333028 ,   383.43281227983755 ,   383.2739718215431 ,   383.2739718215431 , 
  500.0 ,   494.44606856857445 ,   488.90439307494125 ,   483.3871599935694 ,   477.90641772162246 ,   472.47400965072154 ,   467.10150973519853 ,   461.8001613296692 ,   456.5808200192431 ,   451.4539011054418 ,   446.4293323409569 ,   441.516512427958 ,   436.72427570908735 ,   432.0608633889758 ,   427.5339015286347 ,   423.15038595693613 ,   418.9166741441994 ,   414.838483984195 ,   410.92089933417753 ,   407.1683820693231 ,   403.5847903195166 ,   400.1734024740572 ,   396.9369464646419 ,   393.877633769898 ,   390.99719752659837 ,   388.29693408413937 ,   385.77774730039914 ,   383.44019484902935 ,   381.2845357907503 ,   379.310778654331 ,   377.51872927650004 ,   375.9080376638128 ,   374.4782431630889 ,   373.22881725995876 ,   372.1592033667181 ,   371.26885301042125 ,   370.5572578891981 ,   370.02397732835925 ,   369.668660737104 ,   369.49106474067275 ,   369.49106474067275 , 
  500.0 ,   493.8712308589792 ,   487.7559861867553 ,   481.6677137988055 ,   475.61970914122367 ,   469.62504143489434 ,   463.69648257456583 ,   457.846439635652 ,   452.0868917869466 ,   446.4293323409569 ,   440.8847165963821 ,   435.46341604072677 ,   430.17517938659876 ,   425.02910081450307 ,   420.0335956895648 ,   415.196383911324 ,   410.5244809462787 ,   406.0241964839271 ,   401.7011405503573 ,   397.5602368105368 ,   393.6057426928787 ,   389.841275878755 ,   386.2698466166306 ,   382.89389524646583 ,   379.71533425587177 ,   376.7355941359341 ,   373.9556722621637 ,   371.37618399507824 ,   368.99741517561426 ,   366.81937518297343 ,   364.8418497264413 ,   363.06445255791743 ,   361.48667531793353 ,   360.1079347642609 ,   358.9276166781883 ,   357.9451157984262 ,   357.15987119555336 ,   356.57139657008815 ,   356.17930503367324 ,   355.98332801456615 ,   355.98332801456615 , 
  500.0 ,   493.3091777097221 ,   486.63312021525735 ,   479.9865086288704 ,   473.3838577189482 ,   466.8394352805217 ,   460.367184513359 ,   453.98065033867385 ,   447.6929105258454 ,   441.516512427958 ,   435.46341604072677 ,   429.54494400488227 ,   423.7717390690042 ,   418.15372941980377 ,   412.7001021718139 ,   407.4192851902301 ,   402.31893730112745 ,   397.40594682437575 ,   392.68643824807407 ,   388.16578675100243 ,   383.8486401730569 ,   379.73894793439536 ,   375.8399963134075 ,   372.1544494128117 ,   368.68439507313224 ,   365.43139493432534 ,   362.39653779997866 ,   359.5804954247051 ,   356.98357982428956 ,   354.60580119984434 ,   352.44692557152985 ,   350.50653123399115 ,   348.78406317408474 ,   347.2788846311331 ,   345.99032503013007 ,   344.9177235782382 ,   344.0604678836514 ,   343.41802703249016 ,   342.989978642825 ,   342.77602950410596 ,   342.77602950410596 , 
  500.0 ,   492.76091981336526 ,   485.53781431550544 ,   478.34656765382306 ,   471.2028840000502 ,   464.1222003132326 ,   457.1196023567617 ,   450.2097449767981 ,   443.40677758489323 ,   436.72427570908735 ,   430.17517938659876 ,   423.7717390690042 ,   417.5254695992604 ,   411.44711270092046 ,   405.54660829543616 ,   399.83307483551675 ,   394.314798713222 ,   388.999232672802 ,   383.8930030322615 ,   379.0019253960903 ,   374.33102842634196 ,   369.88458513186936 ,   365.6661510374905 ,   361.6786085074208 ,   357.9242164215191 ,   354.40466433961717 ,   351.12113023906284 ,   348.07434087402953 ,   345.26463378236076 ,   342.6920199567311 ,   340.35624620156034 ,   338.256856215076 ,   336.3932494666627 ,   334.7647369825595 ,   333.37059320726314 ,   332.21010317281844 ,   331.2826042825475 ,   330.5875220986386 ,   330.1243996132803 ,   329.8929195795158 ,   329.8929195795158 , 
  500.0 ,   492.22740000603847 ,   484.47195207930065 ,   476.7507110720088 ,   469.0805385950604 ,   461.47800935094915 ,   453.95932096059016 ,   446.5402083656485 ,   439.23586381866596 ,   432.0608633889758 ,   425.02910081450307 ,   418.15372941980377 ,   411.44711270092046 ,   404.9207840498682 ,   398.5854159579211 ,   392.45079889953024 ,   386.52582995986756 ,   380.81851113085474 ,   375.33595706519975 ,   370.0844119474783 ,   365.06927501753285 ,   360.2951341661852 ,   355.76580691798733 ,   351.48438802185694 ,   347.4533027890724 ,   343.67436525015376 ,   340.1488401483275 ,   336.87750774799497 ,   333.8607304121623 ,   331.09851989314416 ,   328.5906042858453 ,   326.3364936122109 ,   324.33554303844755 ,   322.5870127726969 ,   321.0901237491512 ,   319.84410827419526 ,   318.8482548900138 ,   318.1019468000808 ,   317.60469329786633 ,   317.356153743694 ,   317.356153743694 , 
  500.0 ,   491.7094907499113 ,   483.43727650568394 ,   475.20154857965633 ,   467.0202921650168 ,   458.91118642665026 ,   450.8915083187351 ,   442.97804128277085 ,   435.1869899057974 ,   427.5339015286347 ,   420.0335956895648 ,   412.7001021718139 ,   405.54660829543616 ,   398.5854159579211 ,   391.82790878530056 ,   385.28452960902894 ,   378.9647683358371 ,   372.8771601304003 ,   367.02929368632226 ,   361.4278292217426 ,   356.0785257038739 ,   350.98627668380186 ,   346.1551540106112 ,   341.5884585937522 ,   337.28877729577596 ,   333.25804496508806 ,   329.4976105609529 ,   326.0083062810887 ,   322.79051857610125 ,   319.84425992470995 ,   317.1692402490562 ,   314.76493686994365 ,   312.6306619370811 ,   310.7656263185445 ,   309.1689989958677 ,   307.83996108540975 ,   306.7777536918152 ,   305.98171889429943 ,   305.45133326986036 ,   305.18623346802735 ,   305.18623346802735 , 
  500.0 ,   491.20799240699046 ,   482.4353865523402 ,   473.70147420748367 ,   465.02532855461345 ,   456.42569823308656 ,   447.9209053380587 ,   439.52874859482495 ,   431.26641285395453 ,   423.15038595693613 ,   415.196383911324 ,   407.4192851902301 ,   399.83307483551675 ,   392.45079889953024 ,   385.28452960902894 ,   378.34534147961176 ,   371.64329845190366 ,   365.1874519644939 ,   358.9858497255401 ,   353.04555479734177 ,   347.37267446819794 ,   341.97239825545057 ,   336.84904426455057 ,   332.0061130227824 ,   327.4463478142352 ,   323.17180046576004 ,   319.18390147274636 ,   315.483533309137 ,   312.0711057384226 ,   308.94663193144254 ,   306.109804202481 ,   303.56006819694323 ,   301.2966944012609 ,   299.31884589778247 ,   297.625641353369 ,   296.21621230914195 ,   295.08975392915204 ,   294.24556846639655 ,   293.6831008142316 ,   293.40196562842993 ,   293.40196562842993 , 
  500.0 ,   490.723632309393 ,   481.467735278197 ,   472.2526635397195 ,   463.09854109375715 ,   454.0251495149688 ,   445.05182033125425 ,   436.19733286303335 ,   427.4798187316137 ,   418.9166741441994 ,   410.5244809462787 ,   402.31893730112745 ,   394.314798713222 ,   386.52582995986756 ,   378.9647683358371 ,   371.64329845190366 ,   364.572038662449 ,   357.76053903245725 ,   351.2172905926857 ,   344.9497454760643 ,   338.96434738066625 ,   333.2665716670016 ,   327.86097427175275 ,   322.7512485080231 ,   317.94028872505055 ,   313.4302597192483 ,   309.22267072418333 ,   305.3184527602348 ,   301.7180380954725 ,   298.42144055778385 ,   295.42833544424764 ,   292.73813779675515 ,   290.3500778522948 ,   288.26327253130546 ,   286.47679189709083 ,   284.9897196023627 ,   283.8012064342721 ,   282.9105161754951 ,   282.31706311460243 ,   282.020440662597 ,   282.020440662597 , 
  500.0 ,   490.2570646199533 ,   480.5356295649525 ,   470.85707329716945 ,   461.24253204309946 ,   451.71278237819376 ,   442.2881281912845 ,   432.9882933846403 ,   423.8323215786195 ,   414.838483984195 ,   406.0241964839271 ,   397.40594682437575 ,   388.999232672802 ,   380.81851113085474 ,   372.8771601304003 ,   365.1874519644939 ,   357.76053903245725 ,   350.606451704855 ,   343.7341080445269 ,   337.1513349562458 ,   330.86490018244524 ,   324.8805544179369 ,   319.20308268459166 ,   313.8363639892692 ,   308.78343818628105 ,   304.04657888049974 ,   299.62737113974265 ,   295.52679273583715 ,   291.745297603097 ,   288.2829001908565 ,   285.1392593929728 ,   282.31376076137144 ,   279.8055957521052 ,   277.61383681015457 ,   275.73750717228677 ,   274.1756443545395 ,   272.92735639098885 ,   271.9918700020064 ,   271.3685699916891 ,   271.05702930403095 ,   271.05702930403095 , 
  500.0 ,   489.8088709659622 ,   479.64023138315645 ,   469.51644323286484 ,   459.4596151151055 ,   449.49147943083767 ,   439.633274145491 ,   429.90563055204655 ,   420.32846836102397 ,   410.92089933417753 ,   401.7011405503573 ,   392.68643824807396 ,   383.8930030322615 ,   375.33595706519975 ,   367.02929368632226 ,   358.9858497255401 ,   351.2172905926857 ,   343.7341080445269 ,   336.54563035336685 ,   329.66004443013287 ,   323.08442929258615 ,   316.82480011811936 ,   310.88616198258444 ,   305.27257226349366 ,   299.98721057924183 ,   295.03245504690574 ,   290.4099635705927 ,   286.12075882081604 ,   282.1653155332947 ,   278.5436487429316 ,   275.25540157527666 ,   272.2999312430617 ,   269.6763919386899 ,   267.38381337398073 ,   265.4211737949222 ,   263.78746639044846 ,   262.48175811895635 ,   261.5032400929533 ,   260.85126878930146 ,   260.52539748837603 ,   260.52539748837603 , 
  500.0 ,   489.3795618181622 ,   478.7825605471688 ,   468.2323002569277 ,   457.75182095978664 ,   447.3637706177849 ,   437.09028192427786 ,   426.95285533792253 ,   416.97224975231006 ,   407.1683820693231 ,   397.5602368105367 ,   388.1657867510023 ,   379.0019253960902 ,   370.0844119474783 ,   361.4278292217426 ,   353.04555479734177 ,   344.9497454760643 ,   337.1513349562458 ,   329.66004443013287 ,   322.4844056394584 ,   315.63179575417996 ,   309.1084832817986 ,   302.9196840708371 ,   297.069626343767 ,   291.56162358348877 ,   286.3981540046166 ,   281.58094526726586 ,   277.1110630373794 ,   272.98900196419186 ,   269.2147776322596 ,   265.78801805231103 ,   262.7080532815187 ,   259.97400180891395 ,   257.58485240463176 ,   255.53954021134155 ,   253.83701595133766 ,   252.47630723186273 ,   251.45657105284033 ,   250.77713675361417 ,   250.43753877687232 ,   250.43753877687232 , 
  500.0 ,   488.9695785770177 ,   477.96349888310385 ,   467.0059646770254 ,   456.1209054639843 ,   445.33184356071956 ,   434.6617661193502 ,   424.13300364501526 ,   413.76711644401826 ,   403.5847903195166 ,   393.6057426928786 ,   383.8486401730569 ,   374.33102842634196 ,   365.06927501753285 ,   356.0785257038739 ,   347.37267446819794 ,   338.96434738066625 ,   330.86490018244524 ,   323.08442929258615 ,   315.63179575417996 ,   308.51466146021346 ,   301.73953683593516 ,   295.3118390051517 ,   289.23595933462445 ,   283.5153391352642 ,   278.1525522023826 ,   273.14939280086514 ,   268.5069676453925 ,   264.22579039111986 ,   260.3058771365331 ,   256.74684144729963 ,   253.54798743728816 ,   250.7083994898062 ,   248.22702726748514 ,   246.1027647420076 ,   244.33452207364064 ,   242.92128928387422 ,   241.86219079074044 ,   241.15653001394276 ,   240.80382340395454 ,   240.80382340395454 , 
  500.0 ,   488.57929631884497 ,   477.1837957150402 ,   465.8385584125979 ,   454.56836067560255 ,   443.3975571685046 ,   432.34994845066603 ,   421.4486551945498 ,   410.71600061511333 ,   400.1734024740572 ,   389.8412758787549 ,   379.73894793439536 ,   369.88458513186936 ,   360.2951341661852 ,   350.986276683802 ,   341.97239825545057 ,   333.2665716670016 ,   324.8805544179369 ,   316.82480011811947 ,   309.1084832817986 ,   301.73953683593516 ,   294.72470149051094 ,   288.0695859638207 ,   281.77873691777575 ,   275.8557173386853 ,   270.3031919991373 ,   265.1230185574949 ,   260.3163427938216 ,   255.88369644509794 ,   251.82509608841895 ,   248.14014152821176 ,   244.8281121718428 ,   241.88805992650612 ,   239.3188972179945 ,   237.11947881763632 ,   235.28867626595735 ,   233.8254437989611 ,   232.72887481368122 ,   231.9982480520685 ,   231.63306283451755 ,   231.63306283451755 , 
  500.0 ,   488.2090271457879 ,   476.4440745575931 ,   464.73101501530437 ,   453.0954281299548 ,   441.56245824031976 ,   430.15667761028715 ,   418.90195656794197 ,   407.8213421221666 ,   396.9369464646418 ,   386.2698466166306 ,   375.8399963134075 ,   365.6661510374905 ,   355.76580691798733 ,   346.1551540106112 ,   336.84904426455057 ,   327.86097427175275 ,   319.20308268459166 ,   310.88616198258455 ,   302.9196840708371 ,   295.3118390051518 ,   288.0695859638207 ,   281.19871542643534 ,   274.7039213776088 ,   268.58888223006306 ,   262.8563490584519 ,   257.50823965361656 ,   252.54573684740694 ,   247.96938952106802 ,   243.7792146955784 ,   239.9747991099016 ,   236.55539872236722 ,   233.5200346204918 ,   230.8675838944605 ,   228.5968641179449 ,   226.7067101855273 ,   225.19604237714765 ,   224.0639246549801 ,   223.3096123451797 ,   222.93258851412168 ,   222.93258851412168 , 
  500.0 ,   487.8590240759495 ,   475.74484088760494 ,   463.6840913051808 ,   451.7031143248656 ,   439.8278007459037 ,   428.083452305862 ,   416.49464796375275 ,   405.0851189124229 ,   393.877633769898 ,   382.89389524646583 ,   372.1544494128118 ,   361.6786085074208 ,   351.48438802185694 ,   341.5884585937522 ,   332.0061130227823 ,   322.75124850802297 ,   313.8363639892692 ,   305.27257226349377 ,   297.06962634376714 ,   289.23595933462457 ,   281.77873691777586 ,   274.7039213776088 ,   268.0163459492825 ,   261.71979814508677 ,   255.81711060861232 ,   250.3102579621716 ,   245.20045805157588 ,   240.48827595414878 ,   236.17372910079524 ,   232.25639187075916 ,   228.7354980478155 ,   225.61003957823567 ,   222.87886014283924 ,   220.54074214653792 ,   218.5944858375023 ,   217.038979392824 ,   215.87325894655072 ,   215.09655768736673 ,   214.70834331504028 ,   214.70834331504028 , 
  500.0 ,   487.5294854033374 ,   475.0864908544288 ,   462.69838041210073 ,   450.3922080647051 ,   438.1945674342719 ,   426.1314470870609 ,   414.22809318606664 ,   402.5088811098278 ,   390.99719752659837 ,   379.71533425587177 ,   368.68439507313224 ,   357.9242164215191 ,   347.4533027890724 ,   337.28877729577596 ,   327.4463478142352 ,   317.94028872505055 ,   308.78343818628105 ,   299.98721057924183 ,   291.5616235834889 ,   283.5153391352643 ,   275.8557173386854 ,   268.58888223006306 ,   261.71979814508677 ,   255.2523553080497 ,   249.1894631532714 ,   243.53314980249024 ,   238.28466605899177 ,   233.44459223998427 ,   229.0129461532605 ,   224.98929053220598 ,   221.37283827415496 ,   218.16255388007897 ,   215.3572495675304 ,   212.95567462232412 ,   210.95659666611965 ,   209.3588736451968 ,   208.1615154884928 ,   207.3637345384803 ,   206.96498402470462 ,   206.96498402470462 , 
  500.0 ,   487.22055945172633 ,   474.4693207771795 ,   461.77432599552185 ,   449.1632993714395 ,   436.66349339475687 ,   424.30154050539875 ,   412.1033123422699 ,   400.0937881806608 ,   388.29693408413937 ,   376.7355941359341 ,   365.43139493432534 ,   354.4046643396173 ,   343.67436525015376 ,   333.25804496508806 ,   323.17180046576004 ,   313.4302597192483 ,   304.04657888049974 ,   295.03245504690574 ,   286.3981540046166 ,   278.1525522023827 ,   270.3031919991373 ,   262.8563490584519 ,   255.81711060861232 ,   249.1894631532714 ,   242.97638810590297 ,   237.17996373277072 ,   231.80147172454963 ,   226.84150667651443 ,   222.30008674135013 ,   218.17676372686537 ,   214.4707309425932 ,   211.18092715356363 ,   208.30613507530103 ,   205.84507293997927 ,   203.7964777781155 ,   202.15917919148808 ,   200.9321625392796 ,   200.1146206188081 ,   199.70599309257216 ,   199.70599309257216 , 
  500.0 ,   486.9323496421439 ,   473.89353726853597 ,   460.9122374023343 ,   448.01679964327616 ,   435.23509117240644 ,   422.594345131796 ,   410.12101669794174 ,   397.84064855102235 ,   385.77774730039926 ,   373.9556722621637 ,   362.3965377999788 ,   351.12113023906284 ,   340.1488401483275 ,   329.4976105609529 ,   319.18390147274636 ,   309.22267072418333 ,   299.62737113974265 ,   290.4099635705927 ,   281.58094526726586 ,   273.14939280086526 ,   265.1230185574949 ,   257.50823965361656 ,   250.3102579621716 ,   243.53314980249024 ,   237.17996373277072 ,   231.2528247933863 ,   225.75304348326222 ,   220.68122771042215 ,   216.03739594159305 ,   211.82108978416812 ,   208.0314842662459 ,   204.66749413598927 ,   201.72787457902757 ,   199.2113148506662 ,   197.11652343670187 ,   195.44230349090492 ,   194.18761744684974 ,   193.35163986473117 ,   192.93379774800934 ,   192.93379774800934 , 
  500.0 ,   486.66491979046907 ,   473.35926781826413 ,   460.11230551302606 ,   446.95296272870826 ,   433.9096770238658 ,   421.01023893722765 ,   408.28164511448483 ,   395.74996102332193 ,   383.44019484902935 ,   371.37618399507835 ,   359.5804954247051 ,   348.0743408740294 ,   336.87750774799474 ,   326.0083062810887 ,   315.4835333091369 ,   305.3184527602348 ,   295.52679273583715 ,   286.12075882081604 ,   277.1110630373794 ,   268.5069676453925 ,   260.3163427938216 ,   252.54573684740694 ,   245.20045805157588 ,   238.28466605899172 ,   231.80147172454963 ,   225.75304348326222 ,   220.14071855810192 ,   214.96511720288703 ,   210.22625816875632 ,   205.92367359135915 ,   202.0565215289705 ,   198.62369443840447 ,   195.62392195466435 ,   193.05586644031848 ,   190.91820989001633 ,   189.20973091257963 ,   187.92937066577645 ,   187.07628678518842 ,   186.64989452634575 ,   186.64989452634575 , 
  500.0 ,   486.41829954963896 ,   472.8665716656384 ,   459.3746190203957 ,   445.97190657581143 ,   432.6873978899548 ,   419.54939752995165 ,   406.58540148137104 ,   393.8219573232773 ,   381.2845357907504 ,   368.99741517561426 ,   356.98357982428945 ,   345.26463378236076 ,   333.8607304121622 ,   322.79051857610114 ,   312.0711057384226 ,   301.7180380954725 ,   291.745297603097 ,   282.1653155332947 ,   272.98900196419186 ,   264.22579039111986 ,   255.88369644509794 ,   247.96938952106802 ,   240.48827595414878 ,   233.44459223998422 ,   226.84150667651443 ,   220.68122771042215 ,   214.9651172028871 ,   209.69380678652135 ,   204.86731546851524 ,   200.48516664375813 ,   196.54650271540095 ,   193.05019557803456 ,   189.9949512991888 ,   187.3794074367575 ,   185.20222155159297 ,   183.46214961406457 ,   182.15811315887936 ,   181.28925421183686 ,   180.85497719324843 ,   180.85497719324843 , 
  500.0 ,   486.192489910169 ,   472.41545078835554 ,   458.69918088268787 ,   445.0736351135042 ,   431.56825865724375 ,   418.21182673814155 ,   405.03229254944813 ,   392.05664510277245 ,   379.310778654331 ,   366.81937518297354 ,   354.60580119984434 ,   342.692019956731 ,   331.09851989314404 ,   319.84425992470983 ,   308.94663193144265 ,   298.42144055778385 ,   288.28290019085637 ,   278.5436487429315 ,   269.2147776322596 ,   260.3058771365331 ,   251.82509608841895 ,   243.7792146955784 ,   236.17372910079524 ,   229.0129461532605 ,   222.30008674135019 ,   216.03739594159305 ,   210.22625816875632 ,   204.86731546851524 ,   199.96058707704321 ,   195.50558838074392 ,   191.50144744360648 ,   187.94701732833653 ,   184.840982519281 ,   182.18195785876748 ,   179.96857853213226 ,   178.19957977859178 ,   176.8738651631965 ,   175.99056241730017 ,   175.5490660390476 ,   175.5490660390476 , 
  500.0 ,   485.98746867309444 ,   472.00586083635994 ,   458.0859246942433 ,   444.2580600231098 ,   430.5521492829573 ,   416.9973950291677 ,   403.62216557456657 ,   390.4538507271134 ,   377.51872927650004 ,   364.8418497264413 ,   352.44692557152985 ,   340.35624620156034 ,   328.5906042858452 ,   317.1692402490562 ,   306.109804202481 ,   295.42833544424764 ,   285.1392593929727 ,   275.25540157527655 ,   265.78801805231103 ,   256.74684144729963 ,   248.14014152821176 ,   239.9747991099016 ,   232.25639187075916 ,   224.98929053220604 ,   218.1767637268655 ,   211.82108978416824 ,   205.92367359135926 ,   200.48516664375825 ,   195.50558838074397 ,   190.984446912951 ,   186.92085728093605 ,   183.31365544511215 ,   180.16150628983598 ,   177.4630040296692 ,   175.2167635313309 ,   173.42150120884367 ,   172.07610430980833 ,   171.1796875854975 ,   170.7316365242579 ,   170.7316365242579 , 
  500.0 ,   485.80319581102776 ,   471.6377218421409 ,   457.5347307214736 ,   443.52502206482677 ,   429.6388713653412 ,   415.9058652661025 ,   402.35474519162403 ,   389.0132611875407 ,   375.9080376638128 ,   363.06445255791743 ,   350.50653123399104 ,   338.256856215076 ,   326.3364936122109 ,   314.76493686994365 ,   303.56006819694323 ,   292.73813779675504 ,   282.3137607613713 ,   272.29993124306156 ,   262.7080532815187 ,   253.54798743728816 ,   244.8281121718428 ,   236.55539872236722 ,   228.73549804781555 ,   221.37283827415501 ,   214.47073094259326 ,   208.03148426624597 ,   202.05652152897062 ,   196.54650271540106 ,   191.50144744360654 ,   186.92085728093605 ,   182.80383555883458 ,   179.1492028627452 ,   175.9556064573868 ,   173.22162201422202 ,   170.9458461350735 ,   169.12697831172653 ,   167.76389112390297 ,   166.85568765504212 ,   166.4017452945847 ,   166.4017452945847 , 
  500.0 ,   485.63961863571603 ,   471.3109285444582 ,   457.04544136003835 ,   442.87431163445024 ,   428.8281637550084 ,   414.9369253180163 ,   401.2296689576847 ,   387.73446450095753 ,   374.4782431630889 ,   361.48667531793353 ,   348.78406317408474 ,   336.3932494666626 ,   324.33554303844755 ,   312.6306619370812 ,   301.2966944012609 ,   290.3500778522948 ,   279.8055957521051 ,   269.6763919386899 ,   259.97400180891395 ,   250.7083994898062 ,   241.88805992650612 ,   233.5200346204918 ,   225.61003957823573 ,   218.16255388007903 ,   211.1809271535637 ,   204.66749413598933 ,   198.62369443840453 ,   193.05019557803462 ,   187.94701732833653 ,   183.3136554451121 ,   179.14920286274526 ,   175.4524665156478 ,   172.22207802515334 ,   169.45659659983846 ,   167.1546026258755 ,   165.3147805715692 ,   163.9359899946606 ,   163.0173236200647 ,   162.55815164715926 ,   162.55815164715926 , 
  500.0 ,   485.4966766942523 ,   471.0253601699725 ,   456.6178757803772 ,   442.30568824066927 ,   428.11972682144426 ,   414.0902170629382 ,   400.2465210287427 ,   386.61698798827933 ,   373.22881725995865 ,   360.1079347642609 ,   347.2788846311332 ,   334.7647369825596 ,   322.587012772697 ,   310.7656263185445 ,   299.31884589778247 ,   288.26327253130546 ,   277.61383681015457 ,   267.38381337398073 ,   257.58485240463165 ,   248.22702726748514 ,   239.3188972179945 ,   230.86758389446055 ,   222.87886014283924 ,   215.35724956753046 ,   208.30613507530103 ,   201.72787457902757 ,   195.6239219546644 ,   189.9949512991888 ,   184.840982519281 ,   180.16150628983604 ,   175.9556064573868 ,   172.22207802515334 ,   168.95953894242598 ,   166.16653402981456 ,   163.84162950179115 ,   161.98349669698013 ,   160.59098379271182 ,   159.6631744612277 ,   159.19943261827746 ,   159.19943261827746 , 
  500.0 ,   485.3743063208608 ,   470.78088952678604 ,   456.2518435429929 ,   441.81889861222567 ,   427.51324501247393 ,   413.3653633505902 ,   399.40486346747423 ,   385.66033386006984 ,   372.159203366718 ,   358.9276166781883 ,   345.99032503013007 ,   333.37059320726314 ,   321.0901237491512 ,   309.1689989958677 ,   297.625641353369 ,   286.47679189709083 ,   275.73750717228677 ,   265.4211737949222 ,   255.53954021134155 ,   246.1027647420076 ,   237.11947881763632 ,   228.5968641179449 ,   220.54074214653792 ,   212.95567462232412 ,   205.84507293997933 ,   199.21131485066627 ,   193.05586644031848 ,   187.37940743675745 ,   182.18195785876748 ,   177.4630040296692 ,   173.22162201422202 ,   169.45659659983846 ,   166.16653402981456 ,   163.34996680602336 ,   161.00544900951002 ,   159.1316407377126 ,   157.7273804244948 ,   156.79174399157972 ,   156.32408997495253 ,   156.32408997495253 , 
  500.0 ,   485.27244477686725 ,   470.5773912752551 ,   455.9471569819119 ,   441.41369316685257 ,   427.00840737269095 ,   412.7619925257005 ,   398.7042647184603 ,   384.8640115826083 ,   371.26885301042125 ,   357.9451157984262 ,   344.91772357823834 ,   332.21010317281855 ,   319.8441082741954 ,   307.83996108540975 ,   296.21621230914195 ,   284.9897196023627 ,   274.1756443545395 ,   263.78746639044846 ,   253.83701595133766 ,   244.33452207364064 ,   235.28867626595735 ,   226.7067101855273 ,   218.5944858375023 ,   210.95659666611965 ,   203.7964777781155 ,   197.11652343670187 ,   190.91820989001633 ,   185.20222155159297 ,   179.96857853213226 ,   175.2167635313309 ,   170.9458461350735 ,   167.1546026258755 ,   163.84162950179115 ,   161.00544900951002 ,   158.64460512926667 ,   156.75774860052468 ,   155.34370974602263 ,   154.40155803544508 ,   153.93064752631966 ,   153.93064752631966 , 
  500.0 ,   485.19103391798626 ,   470.4147492544855 ,   455.7036421742648 ,   441.0898405998731 ,   426.60492571919644 ,   412.2797601513713 ,   398.14432483225085 ,   384.2275665485622 ,   370.5572578891981 ,   357.15987119555336 ,   344.06046788365154 ,   331.2826042825475 ,   318.8482548900138 ,   306.7777536918152 ,   295.08975392915215 ,   283.8012064342721 ,   272.92735639098885 ,   262.48175811895646 ,   252.47630723186262 ,   242.9212892838741 ,   233.82544379896103 ,   225.19604237714765 ,   217.038979392824 ,   209.3588736451968 ,   202.15917919148808 ,   195.44230349090492 ,   189.20973091257963 ,   183.46214961406457 ,   178.19957977859173 ,   173.4215012088436 ,   169.12697831172653 ,   165.3147805715692 ,   161.98349669698013 ,   159.1316407377126 ,   156.75774860052468 ,   154.86046354518828 ,   153.4386094113653 ,   152.49125051175588 ,   152.01773732435277 ,   152.01773732435277 , 
  500.0 ,   485.13002333534223 ,   470.2928627574473 ,   455.5211483356894 ,   440.8471403792787 ,   426.3025502090492 ,   411.91836761505624 ,   397.72469706967706 ,   383.7506046333027 ,   370.02397732835925 ,   356.57139657008815 ,   343.41802703249016 ,   330.5875220986387 ,   318.1019468000809 ,   305.98171889429943 ,   294.24556846639655 ,   282.9105161754951 ,   271.9918700020062 ,   261.5032400929531 ,   251.45657105284022 ,   241.86219079074044 ,   232.72887481368122 ,   224.0639246549801 ,   215.87325894655072 ,   208.1615154884928 ,   200.9321625392796 ,   194.18761744684974 ,   187.9293706657765 ,   182.15811315887936 ,   176.87386516319646 ,   172.07610430980833 ,   167.76389112390297 ,   163.9359899946606 ,   160.59098379271182 ,   157.7273804244948 ,   155.34370974602257 ,   153.4386094113653 ,   152.0108984014177 ,   151.05963716396639 ,   150.58417349431772 ,   150.58417349431772 , 
  500.0 ,   485.08937292454857 ,   470.2116516634734 ,   455.3995555049553 ,   440.6854329656187 ,   426.1010820720868 ,   411.6775773466351 ,   397.4451055723009 ,   383.43281227983755 ,   369.668660737104 ,   356.17930503367324 ,   342.989978642825 ,   330.1243996132804 ,   317.60469329786645 ,   305.45133326986036 ,   293.68310081423147 ,   282.3170631146023 ,   271.3685699916889 ,   260.85126878930146 ,   250.77713675361417 ,   241.15653001394276 ,   231.9982480520685 ,   223.3096123451797 ,   215.09655768736673 ,   207.3637345384803 ,   200.1146206188081 ,   193.35163986473117 ,   187.07628678518847 ,   181.28925421183686 ,   175.99056241730017 ,   171.1796875854975 ,   166.85568765504212 ,   163.0173236200647 ,   159.66317446122764 ,   156.79174399157972 ,   154.40155803544508 ,   152.49125051175588 ,   151.05963716396639 ,   150.10577586464058 ,   149.6290126215912 ,   149.6290126215912 , 
  500.0 ,   485.0690548456522 ,   470.1710603538279 ,   455.3387804065394 ,   440.60460760872206 ,   426.0003833247573 ,   411.55722442823514 ,   397.30535884314725 ,   383.2739718215431 ,   369.49106474067275 ,   355.98332801456615 ,   342.77602950410596 ,   329.89291957951593 ,   317.3561537436941 ,   305.18623346802735 ,   293.4019656284297 ,   282.0204406625968 ,   271.05702930403083 ,   260.5253974883759 ,   250.43753877687232 ,   240.80382340395454 ,   231.63306283451755 ,   222.93258851412168 ,   214.70834331504028 ,   206.96498402470468 ,   199.70599309257216 ,   192.9337977480094 ,   186.64989452634586 ,   180.8549771932485 ,   175.5490660390476 ,   170.7316365242579 ,   166.4017452945847 ,   162.55815164715932 ,   159.1994326182774 ,   156.32408997495253 ,   153.93064752631966 ,   152.01773732435277 ,   150.58417349431772 ,   149.6290126215912 ,   149.1515998205341 ,   149.1515998205341 , 
  500.0 ,   485.0690548456522 ,   470.1710603538279 ,   455.3387804065394 ,   440.60460760872206 ,   426.0003833247573 ,   411.55722442823514 ,   397.30535884314725 ,   383.2739718215431 ,   369.49106474067275 ,   355.98332801456615 ,   342.77602950410596 ,   329.89291957951593 ,   317.3561537436941 ,   305.18623346802735 ,   293.4019656284297 ,   282.0204406625968 ,   271.05702930403083 ,   260.5253974883759 ,   250.43753877687232 ,   240.80382340395454 ,   231.63306283451755 ,   222.93258851412168 ,   214.70834331504028 ,   206.96498402470468 ,   199.70599309257216 ,   192.9337977480094 ,   186.64989452634586 ,   180.8549771932485 ,   175.5490660390476 ,   170.7316365242579 ,   166.4017452945847 ,   162.55815164715932 ,   159.1994326182774 ,   156.32408997495253 ,   153.93064752631966 ,   152.01773732435277 ,   150.58417349431772 ,   149.6290126215912 ,   149.1515998205341 ,   149.1515998205341 , 
